10 
5393 7596 3297 9772 2148 3404 0306 4818 2148 5032
3190 9238 6822 0052 8236 6501 8450 7570 8236 6929
7142 5286 3511 6181 8170 4859 4792 2336 2362 1654 
7061 0840 6848 1481 4925 7249 4966 4472 6247 0627 
7489 9559 0693 9945 2189 5459 5647 1868 6421 2763 
8424 1441 7702 8918 2616 4178 7316 7422 7102 8063 
5179 3831 5220 1054 6207 7209 7743 6141 0947 6527 
2443 9385 8557 6354 6675 9345 1334 8023 7956 5500 
2870 8104 2402 4004 7356 4645 5433 0413 8130 7636 
6461 9986 -7316 7422 7102 8063 5179 3831 -5220 1054 -6207 
5927 1588 4605 8211 2082 5780 4686 2656 8745

